0.0,9.27695526217003,8.83137084989846,3.7384776310850247,9.976955262170028,7.408326112068514
9.27695526217003,0.0,1.9242640687119286,5.53847763108502,0.7,5.9254833995939
8.83137084989846,1.9242640687119286,0.0,5.507106781186544,1.965685424949238,7.0296464556281615
3.7384776310850247,5.53847763108502,5.507106781186544,0.0,6.238477631085018,4.665685424949237
9.976955262170028,0.7,1.965685424949238,6.238477631085018,0.0,6.6254833995938975
7.408326112068514,5.9254833995939,7.0296464556281615,4.665685424949237,6.6254833995938975,0.0
